.Random.seed <-
c(10403L, 10L, 1894330968L, -2006742266L, 1065379553L, 740160115L, 
-228345118L, -1272478124L, 1424297815L, -1210997939L, 367183588L, 
470599370L, -65403083L, -1161826929L, -896873834L, 1103553088L, 
1665065731L, -358657247L, -605236208L, -487902226L, -1630551143L, 
-1336181717L, 1441057050L, -170284068L, 1716129247L, 1390516661L, 
-1180567732L, -241242718L, -1369309955L, 827187703L, -1580175586L, 
22082008L, -555619525L, 2070813913L, 1324699752L, -1308035690L, 
-102019823L, -773833021L, -1199776046L, -2064865436L, 1674918567L, 
-952417283L, 1392268788L, -595397926L, -547986395L, 1101662527L, 
-884404538L, 877806416L, -1579967629L, 955739537L, 2101358528L, 
1722427806L, 1297494889L, 1939703707L, -1974661462L, -177862452L, 
-890300017L, -1107292731L, -1880829572L, 830521810L, 1983339853L, 
-878354425L, 955731950L, -29296952L, -518108725L, -495395799L, 
1142516344L, -91261018L, 2023195073L, -599026093L, 1854438658L, 
1468156980L, 822226359L, -1492155987L, -458636604L, -1525803286L, 
-753419947L, 226561775L, -916460298L, -695116768L, 965402083L, 
1115618945L, -2102806288L, 332085134L, 1745799417L, 1768919691L, 
-1060572486L, 1309916604L, 1186162431L, 1453943381L, 106007916L, 
382764482L, -1612552675L, 1488363159L, -275900418L, 353887160L, 
-1190068325L, 619193849L, 1148691784L, 279539830L, -355287631L, 
-1826118685L, 177725618L, 1126370564L, -1619653049L, 1468905757L, 
-1448101996L, -1381057734L, 319489925L, -112167841L, -1533673754L, 
1464714608L, 546778771L, 762320689L, -942158368L, 780810878L, 
-1977145079L, -2128835781L, 1711899402L, 907315948L, 1031849839L, 
-2080659291L, 1649558108L, -1461685710L, -891848403L, -1458569241L, 
-946059506L, -70772504L, -178328853L, -1557830775L, 1246068504L, 
-1469324730L, 931906209L, 363111731L, 901782690L, -1288416364L, 
-1180349929L, -1039790579L, 769846052L, -196217078L, 511236725L, 
1842219471L, -1719332138L, -1682917760L, -629294909L, 1572533857L, 
602279632L, -245163986L, 1057418713L, 1897091563L, 1121375322L, 
-244847076L, 361078559L, -1228360843L, -255116788L, -2119484446L, 
-933427011L, 1696773943L, 854573022L, -1250218728L, -2129084293L, 
-1575004647L, -238600536L, 938609750L, -559232815L, 450245763L, 
-723708142L, -767561052L, 1433058919L, -801484867L, 498966836L, 
-185515366L, 1333133541L, -853048705L, 862759942L, -1044832368L, 
737296947L, 1746098641L, 1367542656L, 586835550L, 913456553L, 
-1261245349L, -1374055318L, -1921536756L, -725881009L, 229108741L, 
1400091324L, -304192622L, 1737990285L, -882755897L, 1387012014L, 
-219518456L, 1985957387L, 739985129L, -2069610056L, -1687896474L, 
1331206913L, -1283166829L, 639059522L, 808180212L, 1054671863L, 
901887981L, -1554386812L, 434620074L, -1849123819L, 1871146159L, 
734372534L, -1088102176L, 119524387L, -419097791L, -1240711632L, 
1882414158L, -2142489415L, -1315032885L, -1048437382L, -146030468L, 
607823039L, -2023722603L, 1647483308L, -319583358L, -855183011L, 
252178519L, 848480062L, 1866731384L, -485989285L, 1554969529L, 
1955697160L, -2020337482L, 1380057073L, -1361987672L, -1591866484L, 
-15194436L, 1775520626L, 1921267952L, -1463150524L, -726409896L, 
-910453702L, -1682177168L, 359695420L, 1338813204L, -2098509374L, 
1609433312L, 1845802876L, -2011685168L, -57243998L, 970900520L, 
-336778996L, 602174396L, -2007728846L, -456695872L, -195521996L, 
-1055482936L, 79832250L, 686714768L, -1751624212L, 878886996L, 
597302930L, 915176224L, 710413772L, 553368544L, 1693188802L, 
-483812824L, -520667476L, 528634556L, -143330830L, 1670646064L, 
-1631392604L, -428416328L, -714183846L, -501355120L, -246681220L, 
613649684L, 1683663170L, 1746035456L, 539597756L, 1925684048L, 
1174692130L, -1464738488L, 1761228812L, -1932855204L, 109126866L, 
1288161280L, -1533781164L, 1392771560L, -1869088774L, 1464596176L, 
1557685548L, -630920972L, -1791662190L, -1330488224L, -1853317876L, 
1689110240L, -1503724190L, -23747928L, -1716315572L, -1753360516L, 
-2087949518L, -270262672L, 1822989636L, -145294376L, -1813368710L, 
1248798256L, -1683682628L, 835913556L, 59161154L, 89271200L, 
-982685508L, -1531158064L, 1530537314L, 210801640L, 547444684L, 
-1034807556L, 980930546L, 2105195648L, 696711412L, -739314552L, 
1128179002L, -791575728L, 935685228L, 66920596L, 1522514258L, 
915963616L, 378753228L, 567072928L, 2117114242L, -521979672L, 
561387756L, 51025980L, -792141710L, -2096682896L, 1131160100L, 
898884152L, 686451226L, 776294608L, -52414916L, -334132076L, 
-436890494L, 1132464064L, 325233980L, -753795440L, 1119573026L, 
98619400L, 361446540L, 120668188L, -963468142L, -1947104128L, 
734168084L, -156441816L, -1265331142L, -1113822000L, -1987382164L, 
1654757044L, -2059362286L, 1039187936L, -857617460L, 1930214880L, 
-2109699038L, -935701208L, -989898484L, -714748356L, 1043465458L, 
-1017120528L, -751618236L, 1249357912L, -215907782L, -1611970320L, 
-1533893956L, -392721900L, 773401794L, 1706751584L, -357448324L, 
1182573776L, 787002402L, -225326936L, -1935467124L, -559816260L, 
1058621490L, -2132683968L, -146317644L, -851390136L, -1868369222L, 
67026704L, -1524023060L, 1184888916L, 927729426L, -94445152L, 
-455546932L, 1683644256L, -645468990L, 733826600L, 553281964L, 
54731580L, 798761842L, 1252577072L, -729776092L, -1627570632L, 
-1085631782L, -759982192L, -1971833604L, -754823788L, -159382718L, 
-1383364096L, -1645787076L, -347012528L, 1387692194L, -188267704L, 
145308172L, -1816552740L, -590679982L, 1204997248L, -1432975532L, 
92159976L, 1467167482L, -525105328L, -615013332L, -1918334604L, 
-468636014L, -1541447072L, -46862196L, -221671072L, 526080226L, 
876965032L, -779954484L, -2144577028L, -1240347726L, -948354064L, 
1724416452L, -798114472L, 1884189050L, 2107634096L, 1755261372L, 
970047060L, 1839569346L, -1020329184L, -2129202244L, -228175792L, 
-443081758L, 755023720L, 1968461644L, 55602940L, -1394997518L, 
68418816L, -1211581324L, -273895928L, -174365254L, -1669421616L, 
-1788876820L, 1225534356L, 1265592530L, -1684040608L, 193088844L, 
1012101920L, 1686891138L, -1667165720L, -1337009172L, -1841476036L, 
-371917831L, 142181006L, -674811044L, -730062899L, 1448378167L, 
1744256448L, -1033215330L, 1246935915L, -2132180243L, -1328351398L, 
1269042200L, 615946625L, 839700275L, -468900524L, -1581314206L, 
234816503L, 46443585L, 557738182L, 1620563460L, 1508032949L, 
-672153953L, 1105030904L, -1493110058L, -777246877L, 1890934565L, 
497341634L, 1294205360L, -839419431L, 1452857163L, -1695924804L, 
1131073002L, -379536865L, -1995665239L, 307066942L, 1419573548L, 
262796157L, 132803015L, 1121807536L, -1751053618L, 1162870779L, 
-1286158243L, 665251722L, 914202536L, -284781295L, 762727427L, 
-272701692L, 897116978L, -2106644089L, -1114148911L, -397065898L, 
-1764270284L, -852573627L, 158174863L, 149039112L, 452443174L, 
1597977811L, 790435381L, -1573753454L, -165088928L, 602745033L, 
-697791493L, 424455116L, 1293633114L, 322882383L, -619363815L, 
1962295342L, -1787572676L, 1867948973L, -301855657L, -1276139104L, 
-322333954L, 717660619L, 2120271821L, 595815162L, 1920815416L, 
-1176192287L, 850398611L, 1046082996L, -2099231038L, -823417129L, 
140871457L, -2035204378L, -1581279260L, -156637419L, 1202847551L, 
-629490984L, -1700880650L, -186795773L, -407492027L, -1537168798L, 
1363110352L, -282716423L, 417063979L, -1705925732L, 439958474L, 
-2065345345L, -716704247L, -635257058L, 1259587276L, 1825793693L, 
-1554746585L, -1545724592L, 919577582L, -739488613L, 2011883261L, 
298495466L, -1971257720L, 309258289L, 1504228003L, -1286055260L, 
-247936174L, -204537177L, 804347633L, -1345802698L, 830370516L, 
1784530533L, -2094640017L, -1862144344L, -1475048442L, 186153267L, 
-754588267L, 917645810L, 1429521984L, 1961502633L, 65686043L, 
99009516L, 318186490L, 14077999L, -718897095L, 1175360078L, -657870180L, 
-1792452595L, -900873097L, 1729090688L, 609075934L, 84783531L, 
-2116162899L, 667004698L, -384241704L, -1696957375L, 45689587L, 
2137484564L, 732838050L, -135588425L, -1734743679L, 1727074182L, 
